x\y 0,00508699100701464 0,0134390275987978 0,0282672206071518 0,0392146259728887 0,102703861008726 0,116879100034423 0,122268985082521 0,208989207730158 0,300859099859772 0,422032429101892 0,425736080122057 0,495104750383228 0,503900905840053 0,525554583187008 0,526292511507074 0,552791373130303 0,677866685054203 0,689360732533671 0,724250524176401 0,727127123031359 0,776136293437395 0,802519568150174 0,815874481953622 0,827726719355083 0,831035563177911 0,836106660699522 0,899120772676133 0,901551428670786 0,920566551815982 0,93783467446353 0,951564703114128 0,985239568159561 
4 -0,378711219820346 -0,464081022473554 -0,56084425014171 -0,617530678858786 -0,878771082753009 -0,931699351287525 -0,951686735208031 -1,27756941620926 -1,66512194607019 -2,31837523359031 -2,34209684119818 -2,84500718690511 -2,91810777451222 -3,10896345639456 -3,11575926516879 -3,37396365851979 -5,1439715316664 -5,37648015400203 -6,1992836876164 -6,27640095502064 -7,89181463767461 -9,0909487486236 -9,82826304535998 -10,57796811002 -10,8059808643997 -11,1732411933325 -18,8079674953265 -19,2979055162076 -24,164517461641 -31,1615796276416 -40,2839264415199 -134,494912301679 
8 -0,535578543292791 -0,656309676022073 -0,793153544929375 -0,873320261223559 -1,24276998345059 -1,31762185864503 -1,34588828806177 -1,80675599527621 -2,35483803913755 -3,2786776980133 -3,31222511721366 -4,02344774877014 -4,12682759118155 -4,39673828495552 -4,40634900989133 -4,77150516483264 -7,27467430454373 -7,60349115161945 -8,76711106802541 -8,87617135348163 -11,160711292334 -12,8565430151422 -13,8992628933184 -14,9595059635404 -15,2819646931782 -15,8013492312765 -26,5984827125631 -27,2913597064154 -34,1737883224541 -44,0691285343799 -56,9700751192376 -190,204529047215 
12 -0,655947074125224 -0,803811909752709 -0,97141073637831 -1,06959451101592 -1,52207616355053 -1,61375061380896 -1,64836977826966 -2,21281513907055 -2,88407581139154 -4,01554369558777 -4,05663072520183 -4,92769699561826 -5,0543109274169 -5,38488266535032 -5,39665335142581 -5,84387647944725 -8,90962004553411 -9,31233679261725 -10,7374743174846 -10,8710453427696 -13,6690239163682 -15,7459851216208 -17,0230509447151 -18,321578207398 -18,7165078827574 -19,3526214320734 -32,5763552890095 -33,4249528337353 -41,8541719839475 -53,9734391591786 -69,7738073250799 -232,952021466029 
16 -0,757422439640691 -0,928162044947107 -1,12168850028342 -1,23506135771757 -1,75754216550602 -1,86339870257505 -1,90337347041606 -2,55513883241852 -3,33024389214039 -4,63675046718061 -4,68419368239636 -5,69001437381023 -5,83621554902443 -6,21792691278911 -6,23151853033757 -6,74792731703958 -10,2879430633328 -10,7529603080041 -12,3985673752328 -12,5528019100413 -15,7836292753492 -18,1818974972472 -19,65652609072 -21,15593622004 -21,6119617287995 -22,346482386665 -37,6159349906531 -38,5958110324152 -48,3290349232819 -62,3231592552833 -80,5678528830399 -268,989824603358 
20 -0,846824031360158 -1,03771671331847 -1,25408586810676 -1,38084057611984 -1,96499187769682 -2,08334308407136 -2,12803623321 -2,85673206061863 -3,72332586223969 -5,18404461965988 -5,23708774680667 -6,36162946639528 -6,52508734947994 -6,95185362806093 -6,9670495184422 -7,54441209406414 -11,5022700191298 -12,0221751040271 -13,8620197373158 -14,0344591894708 -17,6466339956683 -20,327979381889 -21,976664270174 -23,6530557578297 -24,1629077763597 -24,9841268372923 -42,0558938381566 -43,1514285576084 -54,0335036877099 -69,6794103336793 -90,0775979238398 -300,739766534427 
24 -0,927649248426842 -1,1367617043693 -1,37378223802104 -1,51263506371853 -2,15254075345796 -2,28218800433653 -2,33114689623488 -3,12939318069808 -4,0786991273821 -5,67883635460201 -5,73694218911983 -6,9688159224685 -7,14787506200352 -7,6153740971262 -7,63202036101259 -8,26448937406744 -12,6001055039855 -13,1696329895053 -15,1850818054194 -15,3739797609176 -19,3309190069301 -22,2681857119211 -24,0742295189842 -25,9106243849816 -26,4691392880584 -27,3687396967104 -46,0699234624018 -47,2700216191495 -59,1907376615945 -76,3299696668294 -98,6750646175351 -329,443908139486 
28 -1,00197570635455 -1,2278429736496 -1,48385441011547 -1,63383260321324 -2,32500974431942 -2,465044780187 -2,51792642739943 -3,38013095791167 -4,40549857189764 -6,13384431381123 -6,19660578824033 -7,52718149474238 -7,72058747024347 -8,2255441408078 -8,24352416078196 -8,92666877301302 -13,6096694239853 -14,2248294163636 -16,4017629441724 -16,6057960555129 -20,8797789243063 -24,0523895704919 -26,0031398377488 -27,9866729954849 -28,5899380393245 -29,5616175361003 -49,7612046592204 -51,0574588203069 -63,9333037553798 -82,4457901546765 -106,581251197481 -355,840090553685 
32 -1,07115708658558 -1,31261935204415 -1,58630708985875 -1,74664052244712 -2,48553996690119 -2,63524371729006 -2,69177657612354 -3,61351199055243 -4,7096760782751 -6,5573553960266 -6,62445023442731 -8,04689549754027 -8,25365518236309 -8,79347656991103 -8,81269801978265 -9,54301032966527 -14,5493486090875 -15,2069823032389 -17,5342221360508 -17,7523427069633 -22,3214225846679 -25,7130860302844 -27,7985257866368 -29,9190119270808 -30,5639293863565 -31,6026984625531 -53,1969654251263 -54,5827194128308 -68,3475766449082 -88,1382570687599 -113,940150238475 -380,409058094429 
36 -1,13613365946104 -1,39224306742066 -1,68253275042513 -1,85259203657636 -2,63631324825903 -2,79509805386257 -2,85506020562409 -3,83270824862778 -4,99536583821058 -6,95512570077092 -7,02629052359455 -8,53502156071534 -8,75432332353665 -9,32689036918367 -9,34727779550636 -10,1218909755594 -15,4319145949992 -16,1294404620061 -18,5978510628492 -18,8292028650619 -23,6754439130238 -27,2728462458708 -29,4847891360799 -31,73390433006 -32,4179425931992 -33,5197235799975 -56,4239024859796 -57,8937165486229 -72,4935523849229 -93,4847388829249 -120,85177932456 -403,484736905037 
40 -1,197590030093 -1,46755304987622 -1,77354524305702 -1,95280347022375 -2,77891816339182 -2,94629204456991 -3,00949770222694 -4,0400292241929 -5,26557793151387 -7,33134620907027 -7,40636051887194 -8,99670267016852 -9,22786702530365 -9,83140568443638 -9,8528959187059 -10,6694099035571 -16,2666662591308 -17,0019230813393 -19,6038563143956 -19,8477225263213 -24,9561091269082 -28,7481041375081 -31,0796966666003 -33,4504722442898 -34,1715118836983 -35,3328910173484 -59,4760154436442 -61,0253355019435 -76,4149137376959 -98,5415671120492 -127,388960649885 -425,310256577905 
44 -1,25604302004189 -1,53918262386927 -1,86010994354828 -2,04811755830805 -2,91455395810609 -3,09009716563825 -3,15638781864335 -4,23721839719951 -5,52258472530123 -7,6891807730716 -7,76785644493097 -9,43582136482877 -9,67826858587604 -10,3112652717872 -10,3338044196383 -11,1901715116049 -17,0606235028072 -17,8317673636169 -20,5606979607944 -20,8164670016318 -26,1741880682012 -30,1512659875354 -32,5966608623748 -35,0831512652812 -35,8393840189742 -37,0574487304267 -62,3789712511986 -64,0039118369904 -80,1446376602543 -103,35126749967 -133,606669088798 -446,069160316424 
48 -1,31189414825045 -1,60762381950542 -1,94282147275662 -2,13918902203183 -3,04415232710105 -3,22750122761791 -3,29673955653932 -4,4256302781411 -5,76815162278308 -8,03108739117554 -8,11326145040366 -9,85539399123652 -10,1086218548338 -10,7697653307006 -10,7933067028516 -11,6877529588945 -17,8192400910682 -18,6246735852345 -21,4749486349691 -21,7420906855391 -27,3380478327364 -31,4919702432416 -34,0461018894302 -36,643156414796 -37,4330157655148 -38,7052428641467 -65,1527105780191 -66,8499056674706 -83,7083439678949 -107,946878318357 -139,54761465016 -465,904042932057 
52 -1,36546272165577 -1,67326792249815 -2,02215270143509 -2,22653852679744 -3,16845419826098 -3,35928978438371 -3,43135532197148 -4,60634203810708 -6,00368255645647 -8,35902078047565 -8,44455025304229 -10,2578192914499 -10,5213872083339 -11,2095271555743 -11,2340297925681 -12,1649989723452 -18,5468531169502 -19,3851748767688 -22,3518352068484 -22,6298854686981 -28,4543423325931 -32,7778818557776 -35,4363063587933 -38,1394064109 -38,9615180882759 -40,2856940356867 -67,8130911916599 -69,579587847746 -87,1264067547914 -112,354673171916 -145,24576236192 -484,928302592737 
56 -1,41700763309497 -1,73643218579978 -2,09848703137242 -2,3105882261115 -3,28806031306613 -3,48609975999746 -3,56088570268591 -4,78022704327585 -6,23031582939294 -8,67456581807693 -8,76332394640909 -10,6450421563085 -10,9185595099061 -11,6326760818289 -11,6581036699281 -12,6242160456074 -19,2469790788145 -20,1169466830652 -23,1955956024771 -23,484141995708 -29,5284665341059 -34,0152155380708 -36,7739930228285 -39,5791325159155 -40,4322781226191 -41,8064404452394 -70,3729705090928 -72,2061507239838 -90,4153452581768 -116,59595459731 -150,728650938171 -503,233882097091 
60 -1,46674224738609 -1,79737807133098 -2,17214044061503 -2,39168603499224 -3,40346576863106 -3,60845607120884 -3,68586687626721 -4,9480050726024 -6,44898956653435 -8,97902866995498 -9,07090206116556 -11,0186654547239 -11,3017828131242 -12,0409636905836 -12,0672837447902 -13,0673050601562 -19,922516075509 -20,8230180976645 -24,0097224805536 -24,3083963729153 -30,5648666630697 -35,2090931046444 -38,064699096825 -40,9682943268206 -41,8513839272562 -43,2737770649354 -72,8429448854101 -74,7404666809564 -93,5887736980738 -120,688278939372 -156,018976227851 -520,89655549403 
64 -1,51484487928138 -1,85632408989421 -2,24337700056684 -2,47012271543514 -3,51508433101204 -3,7267974051501 -3,80674694083212 -5,11027766483704 -6,66048778428078 -9,27350093436122 -9,36838736479273 -11,3800287476205 -11,6724310980489 -12,4358538255782 -12,4630370606751 -13,4958546340792 -20,5758861266656 -21,5059206160081 -24,7971347504656 -25,1056038200826 -31,5672585506985 -36,3637949944944 -39,3130521814399 -42,31187244008 -43,2239234575989 -44,6929647733299 -75,2318699813062 -77,1916220648305 -96,6580698465638 -124,646318510567 -161,13570576608 -537,979649206717 
68 -1,56146636092579 -1,91345507450311 -2,3124200828546 -2,54614421599415 -3,62326599492905 -3,84149483667792 -3,92390493176194 -5,26755364708947 -6,86547366318144 -9,55890596790885 -9,65671266168558 -11,7302651372511 -12,0316665812499 -12,8185847169001 -12,8466045542878 -13,9112085410725 -21,2091379602308 -22,1677955689875 -25,560301447211 -25,8782640862777 -32,538785328928 -37,4829419276518 -40,5229666523739 -43,6140798220277 -44,5542004923233 -46,0684536206121 -77,547236586415 -79,5673027965137 -99,632857886428 -128,482484265862 -166,094883732999 -554,536729528007 
72 -1,60673562987837 -1,96892902806622 -2,37946063478812 -2,61996078367068 -3,72830995035178 -3,9528655759351 -4,03766486418531 -5,42026798582864 -7,06451411741265 -9,83603309403991 -9,93667535164096 -12,0703432463104 -12,3804827735446 -13,1902148548666 -13,219047029674 -14,3145154944979 -21,8240229136312 -22,8104734548584 -26,3013332040762 -26,6285140604449 -33,4821338770019 -38,5696290454267 -41,6977886799551 -44,8785178906212 -45,8458940795347 -47,4040476938296 -79,7954481376894 -81,8740791192461 -102,521364967362 -132,20738560314 -170,910225357713 -570,613587141644 
76 -1,6507639359819 -2,02288227857725 -2,44466340943356 -2,69175382368152 -3,83047434422618 -4,06118331802472 -4,14830630467996 -5,56879597861442 -7,25809829159176 -10,1055633564276 -10,2089634467687 -12,4010988213663 -12,7197368954591 -13,5516575255848 -13,5812797692713 -14,7067666266665 -22,422052074984 -23,4355336632468 -27,0220511166601 -27,3581974920771 -34,3996224867787 -39,6265268961578 -42,8404054052595 -46,1082940195731 -47,1021785737527 -48,7030292335421 -81,9820296455262 -84,1176199671452 -105,330689634717 -135,830176517986 -175,593564407612 -586,249731143385 
80 -1,69364806272032 -2,07543342663695 -2,50817173621352 -2,76168115223967 -3,92998375539364 -4,16668616814272 -4,25607246642 -5,71346412123726 -7,44665172447939 -10,3680892393198 -10,4741754936133 -12,7232589327906 -13,0501746989599 -13,9037072561219 -13,9340990368844 -15,0888241881283 -23,0045400382596 -24,0443502080541 -27,7240394746317 -28,0689183789415 -35,2932679913366 -40,6559587637781 -43,953328540348 -47,3061115156594 -48,3258155527195 -49,9682536745846 -84,1117876763132 -86,3028571152168 -108,06700737542 -139,358820667359 -180,15519584768 -601,479533068855 
84 -1,73547283135579 -2,12668641407756 -2,57011122935513 -2,82988107982785 -4,02703500525397 -4,26958280221633 -4,3611765019762 -5,85455855533948 -7,63054735919884 -10,6241299972385 -10,7328360597076 -13,0374607866861 -13,3724497627414 -14,2470603717796 -14,2782026798959 -15,4614438571971 -23,5726389165592 -24,6381272781421 -28,4086867530071 -28,7620824682752 -36,1648379477044 -41,6599607795317 -45,0387593552993 -48,4743395629956 -49,5192252693561 -51,2022235264448 -86,1889347156029 -88,4341127821273 -110,735730400052 -142,800297418062 -184,604142208298 -616,333116208892 

